7.4	
7.3	
9.8	
8.9	
8.3	
7.9	
9.7	
9.1	
8.8	
8.1	
8.0	
8.0	
7.9	
9.0	
7.0	
9.1	
9.0	
7.5	
8.0	
7.1	
9.2	
9.6	
9.1	
9.6	
7.0	
8.6	
9.4	
7.1	
9.8	
8.2	
8.2	
9.5	
8.0	
7.5	
7.6	
7.8	
8.9	
8.8	
8.9	
7.3	
8.9	
7.4	
7.3	
7.5	
9.3	
8.3	
9.5	
7.1	
7.3	
7.9	
8.0	
8.6	
9.1	
9.1	
8.3	
7.2	
9.1	
7.2	
9.9	
7.9	
8.0	
8.4	
7.9	
9.1	
9.7	
8.7	
10.0	
7.1	
8.5	
9.0	
8.8	
8.1	
7.1	
9.4	
9.9	
7.1	
9.6	
8.9	
9.3	
9.8	
9.9	
7.3	
8.6	
7.5	
7.3	
10.0	
7.9	
7.9	
7.3	
8.1	
7.8	
9.8	
9.1	
7.7	
9.3	
8.9	
7.7	
9.4	
7.5	
7.8	
9.3	
7.5	
7.5	
9.3	
7.6	
8.3	
7.1	
8.6	
8.7	
8.1	
8.2	
9.4	
9.1	
7.0	
8.7	
9.4	
9.3	
8.9	
8.3	
8.5	
9.2	
10.0	
8.9	
7.4	
8.5	
9.9	
9.3	
8.0	
7.2	
7.0